3.785699999999999399e+00
2.626100000000000101e+00
1.063500000000000112e+00
9.304999999999994387e-01
1.999899999999999567e+00
2.266900000000000581e+00
4.173720000000002095e+00
2.443500000000000227e+00
1.880899999999999572e+00
4.277100000000003455e+00
1.641420000000000323e+00
1.414719999999999311e+00
-7.688999999999956980e-01
1.140000000000168656e-02
2.629300000000000637e+00
-5.200799999999992096e-01
3.386100000000001664e+00
2.306999999999994611e-01
3.056900000000001505e+00
2.147120000000000140e+00
4.234400000000001718e+00
2.598100000000000520e+00
1.984799999999999898e+00
1.962499999999999911e+00
2.311499999999999666e+00
3.651300000000001766e+00
1.325800000000000534e+00
2.269599999999999618e+00
2.145120000000000360e+00
2.036500000000000199e+00
3.274220000000001463e+00
2.473040000000000127e+00
2.615000000000000657e-01
2.600699999999999790e+00
2.559920000000000861e+00
2.121899999999999675e+00
-1.311419999999997810e+00
3.238800000000001234e+00
6.644799999999995155e-01
3.089400000000001256e+00
3.967400000000003146e+00
1.778699999999999948e+00
2.372100000000000541e+00
1.083299999999999486e+00
1.462899999999999645e+00
1.256219999999999670e+00
3.928400000000002557e+00
-1.631199999999997763e+00
2.671380000000000976e+00
2.050699999999999967e+00
1.553599999999999426e+00
1.845699999999999008e+00
2.350100000000000300e+00
-2.234399999999997277e+00
1.428699999999999859e+00
4.233000000000004093e+00
2.181039999999999424e+00
2.564000000000000945e+00
1.956000000000002181e-01
2.876990000000001046e+00
1.503099999999999437e+00
4.311820000000001762e+00
4.037780000000003255e+00
4.451700000000003321e+00
-8.128999999999984016e-01
3.751200000000002532e+00
1.814300000000000246e+00
3.117880000000001317e+00
2.475999999999999979e+00
-2.672899999999998055e+00
-1.370099999999997653e+00
1.853099999999999747e+00
2.113799999999999013e+00
3.024120000000000807e+00
2.496599999999999930e+00
1.593619999999999592e+00
3.445100000000002716e+00
2.413600000000000634e+00
1.477719999999999700e+00
1.061779999999999724e+00
1.542399999999999993e+00
2.276399999999999757e+00
9.590000000000031832e-02
2.530300000000001326e+00
2.078000000000010949e-01
2.434240000000000848e+00
9.329399999999996584e-01
2.226199999999999513e+00
1.776919999999999611e+00
3.894040000000002166e+00
2.179000000000000270e+00
3.269280000000001962e+00
8.649000000000000021e-01
1.832400000000000029e+00
1.420599999999999641e+00
2.892440000000001454e+00
8.932999999999995389e-01
8.874200000000000976e-01
3.303500000000001435e+00
1.907819999999999627e+00
2.207720000000000127e+00
2.146519999999999762e+00
1.050799999999999068e+00
2.738500000000001044e+00
2.801400000000000112e+00
2.864600000000001145e+00
3.024480000000001390e+00
3.898000000000002352e+00
3.621840000000002391e+00
2.310900000000000176e+00
2.905620000000001646e+00
3.872100000000002318e+00
2.178999999999999382e+00
-1.736899999999997446e+00
1.895000000000000018e+00
1.732019999999999893e+00
8.536200000000011556e-01
-2.318999999999999395e-01
2.990920000000000911e+00
4.293320000000001357e+00
1.106899999999999773e+00
4.069600000000002993e+00
2.842700000000000671e+00
1.143419999999999659e+00
-1.734999999999997433e+00
6.170000000000053220e-02
9.964999999999999414e-01
4.058200000000002028e+00
3.317800000000001859e+00
2.139100000000000001e+00
3.159120000000001482e+00
3.975300000000003386e+00
2.883000000000000895e+00
6.835999999999999854e-01
3.479000000000001869e+00
2.141140000000000043e+00
3.238200000000001744e+00
1.510000000000277787e-02
4.319500000000003226e+00
7.297000000000001263e-01
2.853100000000001302e+00
3.865220000000003431e+00
1.845219999999999416e+00
1.453619999999999246e+00
4.476500000000003254e+00
2.584300000000000708e+00
3.640320000000001777e+00
3.540420000000001899e+00
2.028399999999999981e+00
3.020900000000001917e+00
1.756799999999999695e+00
2.515700000000000713e+00
3.438700000000002532e+00
5.619000000000006212e-01
3.916700000000002291e+00
3.608780000000002097e+00
7.655000000000002913e-01
4.212000000000003297e+00
4.780600000000003291e+00
2.853419999999999845e+00
3.957040000000002777e+00
7.950000000000000400e-01
3.747200000000002973e+00
2.524600000000000399e+00
5.034980000000001787e+00
3.881000000000009997e-01
3.348240000000002325e+00
3.043200000000001459e+00
3.952300000000002811e+00
3.354220000000001534e+00
4.779400000000002535e+00
1.569999999999998952e+00
5.619000000000000661e-01
3.108620000000001937e+00
4.045600000000002971e+00
2.583919999999999995e+00
1.939719999999999445e+00
2.199500000000000011e+00
2.911320000000000796e+00
1.417200000000000237e+00
2.887400000000000411e+00
2.187540000000000262e+00
1.298099999999999365e+00
-1.130000000000008775e-02
1.745779999999999887e+00
3.999199999999999422e-01
4.529200000000026538e-01
2.859220000000001427e+00
4.063200000000001921e+00
1.131199999999999761e+00
2.236200000000000188e+00
8.947199999999992936e-01
4.548000000000017029e-01
1.793120000000000269e+00
1.934899999999999842e+00
3.555040000000002642e+00
-5.240999999999960135e-01
1.366399999999999615e+00
4.659300000000003550e+00
2.452300000000001035e+00
1.766999999999999682e+00
3.113700000000001467e+00
2.197099999999999831e+00
3.037900000000001821e+00
1.691999999999999504e+00
1.982799999999999452e+00
1.273399999999999199e+00
2.327600000000000335e+00
2.517420000000000435e+00
2.232639999999999958e+00
2.550900000000001278e+00
6.238000000000005763e-01
2.149460000000000370e+00
1.386199999999999877e+00
3.727800000000002001e+00
2.846800000000000885e+00
2.860920000000000130e+00
1.409299999999999997e+00
1.687000000000005717e-01
1.750919999999999588e+00
-1.606310000000000793e+00
2.732600000000001028e+00
-9.621799999999953723e-01
3.419720000000002536e+00
2.086399999999999366e+00
2.119900000000000340e+00
1.945100000000000495e+00
2.896100000000001451e+00
3.820100000000002716e+00
6.351000000000006640e-01
4.102400000000002933e+00
2.181400000000000006e+00
2.572519999999999918e+00
3.490200000000002412e+00
2.766640000000000654e+00
4.139600000000002389e+00
1.543519999999999559e+00
2.593100000000000627e+00
2.756100000000000882e+00
2.334699999999999775e+00
2.189599999999999547e+00
3.971620000000002371e+00
1.978000000000002534e-01
1.295190000000000063e+00
3.550800000000001511e+00
2.916200000000001680e+00
7.484999999999999432e-01
7.582999999999999741e-01
-8.762999999999987466e-01
-1.054799999999996629e+00
3.360100000000000975e+00
3.209760000000001945e+00
3.917000000000002480e+00
3.697800000000001752e+00
2.577300000000001035e+00
2.112839999999999385e+00
6.261000000000011001e-01
5.807580000000005072e+00
4.344920000000003668e+00
4.381900000000002571e+00
2.928000000000000824e+00
5.275800000000004708e+00
3.365300000000002179e+00
4.595800000000004104e+00
2.381600000000000605e+00
3.392020000000002256e+00
3.244980000000001752e+00
2.881740000000001523e+00
8.217000000000007631e-01
3.025300000000001432e+00
4.425700000000003520e+00
2.023600000000000065e+00
3.760340000000002014e+00
5.419040000000004298e+00
4.618140000000003020e+00
3.679020000000001289e+00
3.167820000000001635e+00
2.253699999999999815e+00
9.931000000000014261e-01
1.724299999999999722e+00
4.225040000000003459e+00
2.595360000000001222e+00
3.290620000000002321e+00
2.818700000000001538e+00
4.715080000000003935e+00
6.796000000000013141e-01
2.989800000000001567e+00
4.625500000000003276e+00
2.946800000000001418e+00
3.053120000000001610e+00
4.242620000000003166e+00
3.995700000000002916e+00
-2.347399999999961739e-01
3.160500000000001641e+00
4.493040000000003253e+00
2.923400000000001775e+00
4.461700000000003996e+00
4.433140000000003411e+00
4.490900000000003445e+00
4.003320000000002210e+00
4.962400000000005029e+00
4.160220000000003360e+00
2.505800000000018013e-01
4.127820000000004264e+00
5.307240000000004621e+00
4.623100000000003540e+00
3.654940000000002520e+00
3.189600000000002211e+00
3.027100000000001678e+00
4.922100000000004805e+00
8.702000000000003066e-01
2.375840000000000174e+00
4.315060000000002560e+00
-3.120999999999996000e-01
1.724500000000000366e+00
4.834500000000004682e+00
1.931919999999999193e+00
4.274920000000003384e+00
6.130000000000004334e-01
4.656600000000002737e+00
4.140040000000003495e+00
3.215020000000000877e+00
4.112120000000003550e+00
3.517900000000001803e+00
2.322900000000000187e+00
5.131800000000004580e+00
1.627700000000000813e+00
4.198900000000000965e+00
4.000220000000003218e+00
3.920000000000002593e+00
4.565720000000003331e+00
6.152520000000003542e+00
3.561320000000002040e+00
4.079500000000003901e+00
2.862800000000000900e+00
3.683540000000002479e+00
1.912199999999999900e+00
3.734400000000002606e+00
6.926400000000003665e-01
-7.442999999999975191e-01
3.483100000000002083e+00
1.360399999999999165e+00
4.593100000000003291e+00
4.742320000000003866e+00
2.448600000000000332e+00
3.994810000000002859e+00
2.776860000000000994e+00
4.294240000000002944e+00
1.185700000000000642e+00
3.249120000000002229e+00
4.003100000000003433e+00
2.063299999999999912e+00
4.629540000000001321e+00
2.330499999999999794e+00
3.609560000000002766e+00
3.228520000000002277e+00
4.359600000000003917e+00
2.638800000000000701e+00
3.190100000000000158e+00
1.333999999999999631e+00
3.075900000000000745e+00
3.439100000000002488e+00
2.447000000000000064e+00
5.102000000000022073e-01
-1.786099999999996912e+00
1.765219999999999789e+00
3.134720000000001505e+00
2.993000000000001215e+00
-1.114099999999996982e+00
4.449999999999999512e-01
4.062500000000003553e+00
8.801000000000001044e-01
3.617900000000001448e+00
1.888100000000000112e+00
1.335199999999999720e+00
1.641119999999999690e+00
4.307100000000002815e+00
3.126020000000001353e+00
5.476000000000005308e-01
7.196399999999998354e-01
4.021600000000002950e+00
-3.368999999999973127e-01
3.465400000000002478e+00
3.179500000000000881e+00
1.105300000000000393e+00
1.291800000000000281e+00
2.261999999999999567e+00
2.637400000000001299e+00
3.339920000000001110e+00
2.375700000000000145e+00
3.628600000000002268e+00
2.977800000000001113e+00
-3.378999999999994230e-01
4.278999999999997805e-01
2.961880000000001623e+00
-1.427099999999997815e+00
1.346499999999999586e+00
1.060699999999999754e+00
1.038300000000000001e+00
3.173800000000001731e+00
2.526200000000001555e+00
-1.610799999999995791e+00
3.846940000000002691e+00
9.782200000000002005e-01
1.607519999999999616e+00
2.529600000000001181e+00
2.084699999999999775e+00
1.065399999999999681e+00
3.117800000000001681e+00
2.169599999999999973e+00
1.702779999999999960e+00
-1.713799999999996881e+00
2.093899999999999650e+00
-1.483499999999999597e+00
2.435400000000000453e+00
2.543099999999999916e+00
2.674700000000000522e+00
2.487180000000000391e+00
1.114100000000000090e+00
1.206399999999999251e+00
2.345900000000000318e+00
6.611200000000010402e-01
1.934999999999999831e+00
4.666720000000004198e+00
-8.327999999999902148e-02
2.411599999999999966e+00
3.288040000000002294e+00
2.191799999999999748e+00
4.734700000000002795e+00
3.095300000000000828e+00
2.510999999999999899e-01
1.924519999999999786e+00
1.073899999999999855e+00
1.089220000000000521e+00
2.249400000000000510e+00
1.863399999999999723e+00
1.191300000000000026e+00
2.990000000000192504e-02
8.916199999999991910e-01
2.109300000000000175e+00
-2.946799999999996977e+00
2.359900000000000553e+00
2.529399999999999871e+00
4.189300000000002910e+00
2.044999999999995710e-01
5.070999999999997732e-01
7.710999999999994525e-01
2.681000000000000938e+00
-1.253099999999999659e+00
1.424719999999999986e+00
-2.315999999999988068e-01
4.407700000000002838e+00
-1.476599999999978485e-01
1.004999999999998672e-01
1.770699999999999719e+00
-1.760800000000000365e+00
3.052300000000001567e+00
3.466320000000002288e+00
2.998240000000001793e+00
4.904000000000016679e-01
1.620780000000000109e+00
-8.797999999999996934e-01
2.814300000000001134e+00
-4.593999999999986983e-01
3.722999999999999865e+00
3.184000000000000163e-01
-2.124000000000003108e-01
2.565300000000000580e+00
-2.659999999999829168e-02
3.291720000000000645e+00
3.292100000000002247e+00
3.671800000000002839e+00
-1.336499999999998245e+00
1.675799999999999956e+00
2.233500000000000263e+00
3.584200000000001829e+00
3.395500000000001073e+00
2.152760000000000673e+00
1.862119999999999775e+00
1.707399999999999807e+00
-6.914999999999984492e-01
1.718699999999999672e+00
8.100999999999998202e-01
2.066199999999999815e+00
2.730599999999999916e+00
6.369999999999986784e-02
-2.254019999999998802e+00
2.584799999999999542e+00
3.484400000000001718e+00
1.351239999999999775e+00
1.213200000000009826e-01
2.968900000000000539e+00
3.016940000000000843e+00
1.497819999999999041e+00
2.926840000000001218e+00
3.088900000000001533e+00
3.493360000000001797e+00
-1.931999999999989281e-01
1.643620000000000525e+00
4.337100000000003064e+00
4.677900000000003722e+00
3.690600000000002545e+00
1.110000000000371800e-02
5.733500000000003816e+00
2.764199999999999768e+00
3.626800000000002910e+00
3.293720000000001313e+00
2.672900000000000276e+00
2.600020000000000664e+00
4.391800000000002591e+00
4.210140000000003546e+00
3.989300000000002733e+00
-1.208099999999995733e+00
3.359920000000000684e+00
3.609600000000002140e+00
2.824020000000000863e+00
3.007400000000001405e+00
2.870300000000001184e+00
2.830700000000001104e+00
3.143700000000000827e+00
3.326960000000001472e+00
3.177220000000001043e+00
5.041300000000004111e+00
1.315939999999999888e+00
4.861800000000001454e+00
3.827740000000002141e+00
3.822600000000002218e+00
3.175400000000001555e+00
-6.368999999999962469e-01
4.173540000000002692e+00
3.363340000000001773e+00
4.387180000000002522e+00
2.246399999999999508e+00
2.546500000000000874e+00
3.251080000000001746e+00
3.414160000000001638e+00
4.179100000000003590e+00
4.252100000000003099e+00
2.998200000000001531e+00
3.829420000000002489e+00
3.383840000000001069e+00
4.476900000000003210e+00
3.038820000000001187e+00
2.597620000000000928e+00
3.925800000000003287e+00
2.352400000000000269e+00
2.753140000000001031e+00
4.611500000000003929e+00
3.909900000000003040e+00
2.669400000000000439e+00
4.014000000000002899e+00
4.970600000000004570e+00
3.691500000000002224e+00
4.843740000000003043e+00
3.584300000000001596e+00
2.656680000000000597e+00
4.282820000000002736e+00
3.353900000000002102e+00
1.989299999999999846e+00
3.142600000000001614e+00
3.405010000000001646e+00
1.001000000000000112e+00
2.537800000000000722e+00
3.630500000000002281e+00
3.409420000000001671e+00
1.300600000000001311e+00
4.958400000000004582e+00
-1.188499999999995671e+00
3.492000000000010651e-01
5.017660000000003784e+00
1.936099999999999710e+00
-4.963799999999982671e-01
3.857540000000002856e+00
8.119999999999998330e-01
2.303539999999999921e+00
3.515680000000002359e+00
3.269780000000000797e+00
4.318220000000002834e+00
2.501220000000000887e+00
4.048120000000002605e+00
1.382399999999999407e+00
4.229500000000003368e+00
4.491300000000003401e+00
2.250600000000000378e+00
1.150620000000000198e+00
3.749100000000002098e+00
2.270609999999999573e+00
1.857300000000000173e+00
4.946420000000003370e+00
2.695660000000001055e+00
4.056800000000003514e+00
2.443100000000000271e+00
3.379000000000016990e-01
4.610400000000002940e+00
1.016499999999999959e+00
4.065200000000002589e+00
3.770600000000003504e+00
3.894440000000002122e+00
2.745000000000000995e+00
3.591000000000006409e-01
3.803600000000002090e+00
2.220600000000000129e+00
2.645140000000000491e+00
4.317200000000003257e+00
2.989200000000000301e+00
4.693999999999998174e-01
1.222620000000000040e+00
5.804200000000001580e-01
1.738199999999999745e+00
9.402000000000012570e-01
3.178220000000001377e+00
4.396700000000001829e+00
1.731920000000000348e+00
2.013619999999999965e+00
3.823760000000002712e+00
2.240300000000000402e+00
3.721500000000002473e+00
6.281000000000004357e-01
3.623500000000002608e+00
1.066500000000000004e+00
1.785600000000000298e+00
2.048799999999999955e+00
2.551820000000000199e+00
2.994100000000001316e+00
3.770580000000002485e+00
3.124440000000001660e+00
2.455100000000000726e+00
1.450000000000267741e-02
2.502520000000000522e+00
4.035400000000002763e+00
-1.424799999999996070e+00
3.639300000000002200e+00
3.321800000000002306e+00
3.060990000000000322e+00
1.927100000000000257e+00
2.830200000000001381e+00
3.576400000000001356e+00
9.868999999999996664e-01
2.543440000000000367e+00
1.421299999999999786e+00
3.843020000000001879e+00
2.805800000000000516e+00
2.421700000000000408e+00
1.355899999999999661e+00
5.046480000000004296e+00
2.751000000000000334e+00
5.088500000000002466e+00
2.434400000000001008e+00
5.656000000000003247e-01
7.501000000000013213e-01
2.102199999999999847e+00
4.029100000000003234e+00
2.089500000000000135e+00
3.046300000000001340e+00
2.646500000000001407e+00
2.314900000000000624e+00
2.392720000000000624e+00
6.386000000000011667e-01
1.271000000000001573e-01
-4.237999999999786382e-02
1.309899999999999842e+00
3.026800000000001489e+00
1.329699999999999438e+00
2.358100000000000307e+00
4.259900000000002684e+00
1.684999999999999609e+00
4.172000000000003261e+00
1.349299999999999722e+00
1.582399999999999807e+00
4.383500000000002395e+00
2.930800000000001404e+00
5.052000000000000934e-01
1.857099999999998863e+00
2.709440000000000737e+00
2.039500000000000313e+00
3.842280000000002360e+00
4.094300000000003159e+00
2.114239999999999675e+00
1.728999999999999426e+00
3.595000000000002416e+00
2.359200000000008512e-01
1.832799999999999763e+00
3.921800000000002839e+00
3.506600000000002382e+00
1.807299999999999018e+00
3.071520000000001360e+00
7.569000000000001283e-01
2.345300000000000384e+00
3.122700000000001808e+00
2.401380000000000514e+00
4.463900000000004198e+00
2.953020000000001755e+00
2.679100000000000925e+00
2.327800000000000757e+00
3.465000000000002522e-01
1.345640000000000835e+00
2.391300000000000203e+00
1.449499999999999567e+00
2.273699999999999832e+00
2.536500000000001087e+00
2.162200000000000344e+00
3.050600000000001977e+00
1.268100000000000005e+00
3.353600000000001913e+00
2.997600000000001153e+00
3.293900000000001604e+00
1.752739999999999743e+00
4.355860000000003396e+00
2.251620000000000843e+00
2.609700000000001019e+00
3.505100000000001437e+00
3.125300000000001965e+00
1.592999999999999750e+00
1.985999999999999988e+00
1.556899999999999951e+00
3.204799999999998761e-01
3.717800000000002214e+00
4.268300000000003536e+00
3.730200000000001737e+00
3.743820000000003034e+00
2.958100000000000840e+00
1.364799999999999347e+00
3.825240000000001750e+00
5.510880000000002887e+00
3.046900000000001718e+00
-5.475999999999963119e-01
7.030000000000011795e-01
3.250540000000001761e+00
3.001500000000000945e+00
-1.348199999999990517e-01
3.596200000000002284e+00
2.009419999999999540e+00
1.418999999999999595e+00
2.548420000000000130e+00
3.689220000000002386e+00
2.376999999999999780e+00
3.402900000000002478e+00
4.027700000000002944e+00
9.977999999999997982e-01
2.093419999999999614e+00
2.824360000000001314e+00
4.899200000000003108e+00
4.005320000000002878e+00
-6.285999999999982712e-01
4.599800000000004552e+00
3.175000000000001599e+00
4.310240000000003846e+00
4.401440000000002684e+00
2.060499999999999776e+00
3.837300000000002598e+00
1.234199999999999520e+00
1.690800000000000081e+00
3.256940000000001056e+00
2.311700000000000088e+00
3.451200000000001822e+00
2.659200000000000230e+00
3.490100000000002645e+00
3.403260000000002172e+00
4.967780000000003859e+00
5.147800000000001930e+00
1.084499999999999353e+00
3.721000000000001862e+00
6.817199999999992155e-01
1.702040000000000886e+00
3.208800000000000985e+00
2.268800000000000594e+00
1.906600000000000072e+00
3.030320000000001457e+00
2.900600000000000733e+00
3.656700000000002504e+00
2.353019999999999889e+00
3.122700000000001808e+00
-5.392999999999981142e-01
4.448720000000003338e+00
3.503520000000001744e+00
3.640320000000001777e+00
3.811040000000002870e+00
2.819800000000000750e+00
1.811799999999999411e+00
2.494600000000000151e+00
4.995300000000002960e+00
4.870720000000003047e+00
4.502400000000004177e+00
3.830820000000003667e+00
1.105399999999999494e+00
4.068520000000002135e+00
3.263600000000002055e+00
3.162100000000001465e+00
8.570999999999995289e-01
7.430000000000001048e-01
9.896199999999997221e-01
3.417420000000001679e+00
3.203500000000001791e+00
4.464300000000003266e+00
2.741400000000000503e+00
4.167800000000004168e+00
3.534800000000002385e+00
5.077000000000000401e-01
3.535940000000000971e+00
2.914000000000001478e+00
4.281300000000002548e+00
2.440500000000001002e+00
9.348999999999998423e-01
4.747100000000002318e+00
3.559620000000002449e+00
2.907100000000000684e+00
1.789159999999999417e+00
3.384620000000000850e+00
2.386900000000000688e+00
3.758000000000001783e+00
4.401900000000003921e+00
4.626300000000004076e+00
3.372500000000001386e+00
2.211019999999999541e+00
1.654920000000000835e+00
5.265100000000004776e+00
3.455500000000001570e+00
2.017599999999999838e+00
5.028400000000002201e+00
2.011299999999999422e+00
3.841100000000001735e+00
3.735300000000002285e+00
1.978699999999999903e+00
4.523600000000003618e+00
3.582300000000002704e+00
2.957700000000001772e+00
4.468500000000002359e+00
3.113900000000001889e+00
3.157320000000001237e+00
1.611579999999999790e+00
4.271520000000001538e+00
3.615720000000002265e+00
3.500800000000002576e+00
3.003820000000001045e+00
3.593900000000002315e+00
3.101700000000001012e+00
4.613600000000003476e+00
3.989600000000001145e+00
1.184700000000000975e+00
1.759699999999999376e+00
4.142500000000003624e+00
3.935600000000003540e+00
1.735939999999999594e+00
3.263100000000001444e+00
2.811900000000001398e+00
2.995500000000001606e+00
5.007400000000003182e+00
3.788740000000001551e+00
3.741150000000001974e+00
3.285600000000001408e+00
3.212600000000001010e+00
5.169400000000003992e+00
3.582520000000000593e+00
4.716400000000003701e+00
3.202000000000001734e+00
4.071620000000002904e+00
2.041920000000000179e+00
3.660520000000001772e+00
-1.086999999999977984e-01
3.152420000000001998e+00
1.152100000000000124e+00
2.550600000000000200e+00
2.491900000000000226e+00
2.917500000000001315e+00
2.362700000000000244e+00
2.108680000000000110e+00
4.745640000000002523e+00
2.599520000000000941e+00
2.603320000000000967e+00
3.378300000000002079e+00
2.177400000000000446e+00
4.686600000000002098e+00
1.566399999999999348e+00
3.419200000000001793e+00
-4.375999999999993229e-01
1.589620000000000033e+00
3.422000000000001485e+00
4.681400000000004447e+00
3.242840000000001943e+00
1.684899999999999620e+00
3.589940000000001241e+00
3.007920000000002148e+00
2.379400000000000404e+00
3.973120000000002427e+00
2.227100000000000080e+00
2.326999999999999957e+00
2.109719999999999818e+00
4.828800000000003756e+00
4.178200000000003023e+00
2.615400000000000169e+00
3.177700000000001523e+00
3.771600000000002062e+00
1.596700000000000230e+00
3.261920000000001707e+00
3.783400000000001651e+00
4.203300000000002257e+00
4.454600000000001891e+00
2.516600000000000392e+00
2.759700000000000486e+00
2.479099999999999859e+00
2.886999999999995126e-01
3.479320000000001301e+00
3.773800000000002264e+00
1.280200000000000005e+00
3.046500000000000874e+00
3.627000000000002444e+00
2.537520000000000664e+00
4.825320000000003162e+00
2.479600000000000470e+00
-3.027999999999979597e-01
3.305500000000002103e+00
2.259420000000000428e+00
4.567700000000003868e+00
3.594400000000001150e+00
3.527800000000001823e+00
-9.493999999999993555e-01
3.725040000000002571e+00
2.674100000000001032e+00
2.453500000000000014e+00
3.279900000000001370e+00
1.133599999999999941e+00
2.794800000000001283e+00
3.298720000000002095e+00
4.670700000000001850e+00
4.257240000000003022e+00
2.324880000000000280e+00
2.588700000000001111e+00
4.588600000000004009e+00
3.220020000000001659e+00
3.381640000000000867e+00
4.242500000000003268e+00
3.360000000000002984e+00
2.571900000000000297e+00
2.465100000000000513e+00
2.172699999999999854e+00
3.094420000000001281e+00
8.989000000000002544e-01
2.159620000000000317e+00
2.548200000000000465e+00
4.269220000000002457e+00
1.117700000000000138e+00
4.182300000000003237e+00
2.623300000000000409e+00
3.264020000000001254e+00
1.224900000000000766e+00
3.494100000000002204e+00
1.881699999999999040e+00
1.958800000000000097e+00
8.026999999999993030e-01
3.429000000000002046e+00
1.477899999999999547e+00
2.398400000000000531e+00
2.978220000000001200e+00
2.911940000000001305e+00
1.793819999999999304e+00
3.978100000000003078e+00
1.039100000000000357e+00
3.174400000000002109e+00
4.256500000000001727e+00
3.168400000000001882e+00
1.848600000000000021e+00
3.891600000000003057e+00
1.373300000000001075e+00
2.999400000000001398e+00
-1.219999999999887841e-02
2.961720000000001463e+00
3.802160000000002427e+00
1.286539999999999573e+00
2.756000000000001116e+00
1.621499999999999719e+00
3.735700000000001353e+00
2.123599999999999710e+00
3.341120000000001866e+00
2.221199999999999619e+00
2.471700000000000230e+00
1.416900000000000714e+00
3.476600000000002133e+00
2.905280000000001195e+00
4.479540000000002742e+00
3.465500000000002245e+00
2.923300000000001120e+00
3.285600000000002296e+00
-3.100999999999975998e-01
2.376000000000000334e+00
3.094740000000001601e+00
2.156699999999999839e+00
3.386500000000001620e+00
3.015320000000001777e+00
3.130200000000002092e+00
3.661220000000002806e+00
4.275220000000003573e+00
3.877320000000001876e+00
1.853900000000000103e+00
5.050600000000003753e+00
2.066239999999999633e+00
2.185200000000000031e+00
2.845740000000001046e+00
1.577710000000000168e+00
3.588400000000001810e+00
3.960200000000003051e+00
