-3.525678443968706333e+00
-4.604402069963194677e+00
-3.083937210380016225e+00
-2.579482023815675262e+00
-2.367466529408208231e+00
-2.953005804195862893e+00
-2.335821673426321965e+00
-3.110141659414290771e+00
-3.087670662776105246e+00
-2.399989065468753680e+00
-4.068581893437578145e+00
-4.713969878262641799e+00
-4.595486039794256961e+00
-4.774988333991288414e+00
-2.328620541157652823e+00
-2.389581267155241662e+00
-2.183117169017810610e+00
-3.991780219572081734e+00
-2.072266571251843104e+00
-1.926293267918907759e+00
-1.920325305880947298e+00
-2.458359287171148821e+00
-3.088657800295361078e+00
-4.134385146886270235e+00
-2.072317582577770878e+00
-2.980753608424732803e+00
-3.839978867590730260e+00
-2.591163790638754350e+00
-2.958599770457823297e+00
-3.118281856445502598e+00
-2.443797712464641947e+00
-2.315920920497408275e+00
-3.278620419988196311e+00
-3.556717186235687223e+00
-3.652849071157124428e+00
-5.465162708366243294e+00
-4.524477318875604226e+00
-1.658552081970631420e+00
-3.868739991599666972e+00
-2.673485674402375167e+00
-3.454757993899189472e+00
-2.442766668508598471e+00
-3.884290679548731973e+00
-2.654080567854542494e+00
-3.170832312915364604e+00
-2.947179580596509751e+00
-3.173905994234046624e+00
-4.121346569833120199e+00
-2.194072020447594085e+00
-2.728640764491503390e+00
-3.960993854024920324e+00
-3.216628235816784809e+00
-3.192817778680678842e+00
-4.837947934529319483e+00
-2.364573998528648247e+00
-3.331839098098451579e+00
-1.912049037149680331e+00
-2.367622032501719431e+00
-3.283982321502178614e+00
-2.744734476710119608e+00
-3.912431054962793198e+00
-2.525588996692397004e+00
-4.221271489337695471e+00
-2.300655225318624986e+00
-3.975631514505309383e+00
-1.823469511032909551e+00
-1.985738188943248161e+00
-3.824624577229998934e+00
-2.336620923596566257e+00
-3.304065032195355300e+00
-4.816473422979973051e+00
-2.158780064316154323e+00
-4.337441232294455773e+00
-2.783712035372811755e+00
-2.794760890183519919e+00
-2.467943381598335151e+00
-3.696521658757003337e+00
-4.057159989917369813e+00
-4.190337894650877359e+00
-2.213128656761146118e+00
-2.302820427994403119e+00
-4.389449256824137890e+00
-5.186099452446016222e+00
-3.341647995321180176e+00
-4.411583501341485025e+00
-3.364391250167738434e+00
-2.794889771926884592e+00
-3.597313942271341602e+00
-2.736080343480200128e+00
-1.971841251216826407e+00
-2.965873927039540447e+00
-3.918602175553939304e+00
-4.050949973120932412e+00
-3.083868423743713727e+00
-2.490530810607300083e+00
-2.636526482186758003e+00
-2.774191878111224696e+00
-2.352776511964766115e+00
-2.154492194613050415e+00
-4.340261159069212837e+00
-2.446332542943965294e+00
-3.556977121439324208e+00
-2.817802671978812512e+00
-2.973649411777326890e+00
-2.097790195222684062e+00
-3.040752718468359816e+00
-3.271424737260559823e+00
-2.328711949237591838e+00
-3.218394620124947814e+00
-1.921088597589239555e+00
-3.405188512609860219e+00
-1.689997227752179754e+00
-2.707136933056279560e+00
-4.149956161652306186e+00
-3.315049652759915588e+00
-3.281488047408744890e+00
-4.214481257391941682e+00
-3.928970647458958965e+00
-2.917352343065118703e+00
-2.076973887530376928e+00
-3.869320234038321260e+00
-2.965832758159775651e+00
-2.789303112295890230e+00
-3.547020746110328915e+00
-4.421406893359623780e+00
-3.444107118299607251e+00
-4.399227846739847791e+00
-1.986318196703356520e+00
-3.415153344597507967e+00
-2.128647674804621914e+00
-3.006379416091754742e+00
-2.745273613123961454e+00
-3.149293727921515185e+00
-4.216763911345482896e+00
-2.551982183354905231e+00
-3.779835730216120737e+00
-2.159358707885076001e+00
-4.146521423774849779e+00
-2.876444236113391284e+00
-2.048642789678362774e+00
-2.555486477539478329e+00
-2.677682747739345004e+00
-4.590596657471065711e+00
-3.425375185418906732e+00
-2.385578661200884909e+00
-3.221073878610011931e+00
-1.826624456087856174e+00
-2.860821521289912184e+00
-4.271184986383532056e+00
-3.106936393355974602e+00
-3.293929792130287026e+00
-2.167516605108037453e+00
-4.233678229329904674e+00
-2.996676361681197776e+00
-2.426998471198684726e+00
-2.045455354460852249e+00
-4.017741648050657588e+00
-2.850762885683511882e+00
-2.554565634061450652e+00
-3.454900742351701304e+00
-2.386805538981180419e+00
-2.297931756025390015e+00
-2.933867492684422373e+00
-2.028020328139900741e+00
-2.927372170816269659e+00
-3.744629066625682512e+00
-2.227745926161965428e+00
-3.527160609618662512e+00
-2.132036558641502211e+00
-2.787395154461727032e+00
-1.852203793001008236e+00
-3.937529018888772825e+00
-3.227484824490971960e+00
-4.528861098303274879e+00
-3.232263564800660127e+00
-2.507496209277807253e+00
-2.235174124410947982e+00
-2.330958353157070562e+00
-2.409599774278323281e+00
-3.662393699689400428e+00
-4.334335811814563399e+00
-4.335534237550708880e+00
-2.236204675868075142e+00
-3.246725770099985198e+00
-1.843367313230711346e+00
-2.073552613176669723e+00
-5.517545530305155488e+00
-2.999761911977085305e+00
-2.021216696050755601e+00
-2.471443451308896755e+00
-3.878253819274778635e+00
-3.111373977534150903e+00
-4.081636981389358709e+00
-2.871893946993106184e+00
-2.970536335452807819e+00
-3.166321591158067328e+00
-5.123883741047920992e+00
-2.659429749057641956e+00
-2.916252890892815586e+00
-2.276808227461629031e+00
-2.596817492684422746e+00
-3.432003819274779488e+00
-2.910660902564044861e+00
-3.042296977124997248e+00
-3.931864455001889525e+00
-4.828369464702682023e+00
-2.826947120849839123e+00
-2.311671110974414134e+00
-3.002932191265097472e+00
-4.140764881634282801e+00
-2.362621058549331465e+00
-4.068212473844896593e+00
-2.713192080666141592e+00
-3.575393670315271777e+00
-1.982253205809655583e+00
-2.402531545816268377e+00
-3.788040158797324253e+00
-2.706817767409697595e+00
-4.598548536684410770e+00
-3.085538306870235559e+00
-4.128448248947602650e+00
-2.458059953950996857e+00
-5.574310736347983131e+00
-3.286566378849430592e+00
-2.168978302241702849e+00
-2.354917395351456832e+00
-2.828928469180731042e+00
-3.115957566683093205e+00
-1.991891894292535881e+00
-3.311362874172383286e+00
-2.137431213484278558e+00
-2.660998082461482284e+00
-2.075582081970631876e+00
-3.179942475700460847e+00
-2.753097453227033142e+00
-2.176540896606013575e+00
-2.471810537505374938e+00
-3.354093235613357038e+00
-3.000036937520798475e+00
-2.627857491802140899e+00
-3.392079005047554219e+00
-3.169026302130441231e+00
-3.978745499728551849e+00
-4.158604305871236306e+00
-2.159337097388549509e+00
-1.992345393228658779e+00
-3.378655726359029110e+00
-3.032988861366915145e+00
-4.345437082317179289e+00
-4.691710528033770977e+00
-2.571302030209251299e+00
-2.084658652534294276e+00
-2.455616998825719932e+00
-2.696096888288817439e+00
-2.266455329591281043e+00
-3.489277057440838270e+00
-5.692540782615092887e+00
-3.173202334228815147e+00
-2.511334938576862186e+00
-3.189180174006615687e+00
-3.037905214464055703e+00
-2.908680173698650506e+00
-4.594802100832382052e+00
-3.198361245023580324e+00
-3.228896276546694644e+00
-2.622177706609248204e+00
-3.319948324430839648e+00
-2.889943620039561623e+00
-2.962036649298141811e+00
-2.958480450196363520e+00
-2.586244683119097942e+00
-2.440053035717999919e+00
-2.151516941527264137e+00
-2.392115053495285082e+00
-3.040910794300602404e+00
-3.124085253441222676e+00
-3.001122271241655426e+00
-3.054062666996797404e+00
-3.979495760535742832e+00
-3.098704910362143572e+00
-2.429037406006512967e+00
-2.816026005290986234e+00
-3.572807958389061511e+00
-2.902150832677271808e+00
-2.816833813692026567e+00
-4.783832520833207091e+00
-2.462510297008991600e+00
-3.082708455779190615e+00
-3.410423581704851159e+00
-2.258116340430497360e+00
-2.518787270035963033e+00
-2.281309869842262472e+00
-3.663021736392218841e+00
-2.241466340430497084e+00
-2.292380203934397898e+00
-3.340965015745460676e+00
-2.899025607359961398e+00
-3.294796707278185188e+00
-3.348236231474946756e+00
-2.177297060245754423e+00
-3.994187829525996491e+00
-3.169937846363120038e+00
-3.623964813315295963e+00
-2.809319771869235538e+00
-2.325976652290457025e+00
-3.633380402777008022e+00
-3.060452950605863975e+00
-2.200138425794730068e+00
-2.500728336888498049e+00
-2.375887928975314978e+00
-3.818487523725052846e+00
-2.906325257397849526e+00
-3.294990328898414589e+00
-2.605751247705420326e+00
-3.148736725065072406e+00
-2.549660105734725235e+00
-2.845260626679319671e+00
-2.842790135331757284e+00
-3.112533377055969552e+00
-2.399710276167350997e+00
-2.667786199621296817e+00
-2.911875801988150769e+00
-2.477026817884079080e+00
-2.039885434341737636e+00
-4.636572221849177389e+00
-2.510440865430847879e+00
-3.789982364327197040e+00
-2.573798183006527296e+00
-2.822753311170965063e+00
-2.616748866138005170e+00
-2.290570389547175623e+00
-2.312851632596480300e+00
-3.158618846965414839e+00
-2.753487650560243694e+00
-2.462095579142587809e+00
-2.138363420583138108e+00
-2.687558461123613185e+00
-2.683088709695484297e+00
-3.221302908340437199e+00
-4.352506316945031983e+00
-1.963925296141951549e+00
-2.287194472833167680e+00
-3.129680949811396218e+00
-2.376728773346419743e+00
-3.624698668923017841e+00
-2.612650387895380177e+00
-2.891794155679923151e+00
-2.494637722177456496e+00
-3.396407843113861347e+00
-2.711976810451840691e+00
-3.001570216722326379e+00
-2.608449837961897444e+00
-2.430987929278048298e+00
-2.569229018697892997e+00
-4.035182138302743304e+00
-2.178140553426050730e+00
-2.731354336401103922e+00
-4.925075186603534050e+00
-3.788624607046105375e+00
-3.380698080245495341e+00
-1.815916060643425922e+00
-3.224233614428452022e+00
-3.458272845197681633e+00
-5.032776641835927656e+00
-5.017063413984478082e+00
-2.065722822441619755e+00
-2.633175091366952714e+00
-2.770590475982336542e+00
-3.968277148652722630e+00
-4.116860240219139655e+00
-2.647237817472463561e+00
-3.947933469646376814e+00
-1.999222426691172672e+00
-2.039718680429785991e+00
-3.772268723155617565e+00
-4.052006376218159289e+00
-2.099067033983354591e+00
-1.617747351071326278e+00
-4.383300035372811543e+00
-4.425629303561570360e+00
-1.774788669885364101e+00
-5.193213146021362192e+00
-2.814810396406116411e+00
-2.747376964453453141e+00
-3.511861881526657569e+00
-3.890538593703542602e+00
-2.860149460452223735e+00
-5.091437549913933935e+00
-2.224511774148249188e+00
-2.387128548163861552e+00
-3.242495806606068065e+00
-2.145997706117562132e+00
-2.656179384989547643e+00
-3.818362170694436841e+00
-2.789588475348331542e+00
-3.859960222372005312e+00
-3.748857142649004714e+00
-3.187020306461110231e+00
-3.194646100050410276e+00
-1.810419950878793927e+00
-3.527959223981024017e+00
-5.948811613079501015e+00
-3.099748248077640156e+00
-3.817035624834524299e+00
-3.292742455281441494e+00
-2.872274737260559263e+00
-3.416268691221453047e+00
-3.232175091366953801e+00
-2.623849920318443552e+00
-4.508918877525426083e+00
-2.673276941967440479e+00
-4.988746972990858453e+00
-1.808381297559620293e+00
-3.862593084729228465e+00
-3.421216009954218151e+00
-1.865948312609788218e+00
-2.720907927994401732e+00
-2.093747272578388774e+00
-4.076133882030966937e+00
-4.452669104718961712e+00
-3.729949857606242425e+00
-4.591978373136357483e+00
-2.000431966455941790e+00
-3.051720891106713296e+00
-4.772868126837012781e+00
-4.054198943396242427e+00
-1.719999657265455895e+00
-3.839635064958610400e+00
-2.090497227752180720e+00
-1.896859053198983958e+00
-2.791968888034686458e+00
-4.031209669223197345e+00
-4.350345064104805815e+00
-4.045169652759915024e+00
-3.554178878509915762e+00
-4.071947088375472923e+00
-3.545385386417819085e+00
-4.173984034030818080e+00
-4.051689129028328118e+00
-2.506187954513528382e+00
-5.778788514911092022e+00
-2.886346389532864265e+00
-2.450161385265902325e+00
-3.337913097866306522e+00
-2.963757294628093675e+00
-2.490033297694793646e+00
-2.367832062143538252e+00
-2.854805036599231016e+00
-3.925004585173661020e+00
-4.117593875345839649e+00
-3.359961796786101296e+00
-2.588799238575383299e+00
-4.095466930883075563e+00
-4.106739122556262167e+00
-4.353876366498633743e+00
-4.085910843954970950e+00
-2.263790970307523409e+00
-2.691001383529146196e+00
-1.793432734188531441e+00
-5.920999600233169069e+00
-3.140342508769061070e+00
-3.443957508769060816e+00
-2.077886936886793379e+00
-3.981647667125840506e+00
-3.884031358400434897e+00
-3.522841956206638869e+00
-2.108634629194485299e+00
-2.688990644863736179e+00
-2.510147387311572942e+00
-2.534873312609787988e+00
-2.794523171581518639e+00
-2.428692120302095248e+00
-4.039013277999830009e+00
-1.728030679779527290e+00
-3.629994657265455338e+00
-2.043944491017581910e+00
-2.072592288057361287e+00
-3.054466673085748596e+00
-3.791473025774513061e+00
-3.587341354922907399e+00
-5.211511816983303902e+00
-4.166502886126826510e+00
-2.936499204493166815e+00
-2.246650513235877611e+00
-4.044283491019677435e+00
-4.391498230342084419e+00
-5.046667710302534360e+00
-1.867970519239595006e+00
-1.905764484046542862e+00
-3.858902159001152299e+00
-3.994428373030067370e+00
-2.476458820141973050e+00
-2.723751259524762602e+00
-4.624491854986326089e+00
-2.496161506095676330e+00
-2.708752726703185232e+00
-3.745734909102690580e+00
-3.157326690064371277e+00
-2.898803897060693302e+00
-2.971586412540583311e+00
-2.949809506130161907e+00
-3.932051819634636125e+00
-5.259319814511188795e+00
-2.296813571050755343e+00
-2.172952335464396256e+00
-2.386102949629938408e+00
-1.817735851561256055e+00
-2.671452310902768801e+00
-3.079857266970115859e+00
-2.198662774638179940e+00
-2.649709483459943726e+00
-3.189951641223048640e+00
-4.055037534781671837e+00
-2.673271021921481250e+00
-2.022570653704825361e+00
-2.910973445525273817e+00
-3.620229776205404981e+00
-3.338525206444994176e+00
-4.077611059466056176e+00
-3.298477990203198651e+00
-2.167714220947333459e+00
-3.831933766485191128e+00
-2.464384654059154300e+00
-3.606864615344576919e+00
-2.640988420808374926e+00
-2.597560725065072518e+00
-2.370276164267171026e+00
-3.452897747819076102e+00
-3.716899362002452634e+00
-3.121732813883331126e+00
-2.239471964829180095e+00
-2.572247283684628627e+00
-2.483754553209671201e+00
-3.037506112767763611e+00
-2.181004258694430931e+00
-2.282480638358450165e+00
-3.199561705875155759e+00
-2.224777702215952502e+00
-3.440608176557629960e+00
-2.719348222419627703e+00
-2.315004865645764909e+00
-2.204004489463660121e+00
-2.761847414375761645e+00
-4.334279950878832111e+00
-2.790878918696442668e+00
-2.798111733755904496e+00
-2.176679876320672946e+00
-2.634121957472416398e+00
-2.759178839221762658e+00
-2.819424988622394324e+00
-2.690267538658945412e+00
-2.607240259109225633e+00
-2.821795342397106054e+00
-2.643730109416079443e+00
-2.531135192220597574e+00
-2.058860469442587160e+00
-2.125334335742596892e+00
-2.527763314542690765e+00
-4.599936281492835732e+00
-2.833639421089879207e+00
-3.298388801204551690e+00
-2.068895741052955373e+00
-3.285004424212415230e+00
-2.775719347107163060e+00
-2.825815083459062294e+00
-5.075077170242577651e+00
-2.604982155524719900e+00
-4.775004043417713895e+00
-3.876933791152250564e+00
-2.213178474896912107e+00
-2.610463021921480831e+00
-3.754007005407411945e+00
-3.001598801649195458e+00
-3.518287623161125310e+00
-2.424944675090669577e+00
-2.233570901109276363e+00
-2.891666529329585344e+00
-2.334315772027832026e+00
-3.480080143881864707e+00
-2.233496152406308610e+00
-3.052359658266569298e+00
-2.614225711067952318e+00
-2.074579801313971572e+00
-2.713750985808200511e+00
-3.310010932818029161e+00
-2.860349630983650471e+00
-2.283880356437570924e+00
-3.140765839150508221e+00
-2.596966695095042965e+00
-2.595621196728107094e+00
-2.624716603954073690e+00
-1.917216453567947454e+00
-4.184749685707666700e+00
-1.892527202561375077e+00
-2.927401173739520246e+00
-3.087410051738400441e+00
-3.434388922480616557e+00
-2.657179312865757481e+00
-3.067753410585448037e+00
-4.270987800351592867e+00
-2.940469366684300923e+00
-2.802815845557539376e+00
-3.135914573226632029e+00
-2.465583685560265081e+00
-3.570548955925432644e+00
-3.504362542838840966e+00
-2.521704540618678436e+00
-2.706095315468816764e+00
-3.725988228525910273e+00
-5.111098444249652317e+00
-2.565772074662421076e+00
-2.477264126417527024e+00
-3.750912103915572615e+00
-4.367444654284025951e+00
-2.754255848054253164e+00
-2.142852713492281680e+00
-2.477183357186756751e+00
-3.537153352724612176e+00
-2.642730256480604112e+00
-3.878125460942155378e+00
-3.292373351183038643e+00
-4.147964232171473142e+00
-4.051024211623836635e+00
-2.343666740641602075e+00
-2.108756559646124629e+00
-1.979837997825905305e+00
-2.656999020718791016e+00
-3.649958213574684862e+00
-2.575324197205892673e+00
-2.138038872180239025e+00
-5.968905818013142905e+00
-2.552227384019078116e+00
-2.689830662281122997e+00
-2.324814562231775739e+00
-2.547228472728047421e+00
-3.164711063033296412e+00
-1.878018757167275510e+00
-3.100388097080027272e+00
-2.346515591539588996e+00
-2.426360563187342834e+00
-2.381573667204603950e+00
-2.884517979177994462e+00
-2.426564947799009886e+00
-4.317801535668282398e+00
-2.517112795816270676e+00
-3.435435144186796741e+00
-3.585674273735637740e+00
-2.898427244543716697e+00
-3.303708143356534954e+00
-3.847249137599486168e+00
-3.420207005407411849e+00
-2.882663358096174022e+00
-2.337504181699436856e+00
-1.882683928484334857e+00
-2.981257030830427368e+00
-2.466134202079569349e+00
-2.635190406536866092e+00
-4.666611037487012226e+00
-2.703932689258079947e+00
-4.162798019555035367e+00
-3.889839680877149597e+00
-2.038417395351455497e+00
-3.612120014443876315e+00
-2.323854269558205843e+00
-2.610946822688516633e+00
-3.099198436231131559e+00
-1.996713268914373174e+00
-3.077233050044010376e+00
-2.111327032589219499e+00
-2.626933153249847663e+00
-2.021619397396612783e+00
-4.277501159567796307e+00
-2.315907972571372042e+00
-2.614809856809829469e+00
-2.301103038103731180e+00
-2.002058412540582921e+00
-3.482787373651436091e+00
-3.105081065047039068e+00
-2.856964347928894199e+00
-2.913305042966406688e+00
-4.069781812721499747e+00
-3.813848372739347070e+00
-2.962320974860599421e+00
-3.193355705022341340e+00
-3.207719021952866179e+00
-2.748197214379205278e+00
-2.937505548985235748e+00
-4.082576708066497417e+00
-2.576812074662422347e+00
-2.567054813157531257e+00
-2.715947534460115165e+00
-4.147256050403867356e+00
-2.389966736758005084e+00
-2.542754732005080953e+00
-3.639854154244736684e+00
-4.385381479765387169e+00
-3.234703159253564664e+00
-2.968452947222697702e+00
-3.277232803990017374e+00
-2.227853243693692420e+00
-2.037915156931195071e+00
-2.499534985390706510e+00
-4.043243079008988161e+00
-2.325451859877267324e+00
-4.186773826234576390e+00
-2.193198514232575391e+00
-2.134264895648296800e+00
-1.977832562735306610e+00
-2.751939246215760804e+00
-3.296797873914345978e+00
-2.310321049494447720e+00
-3.027424145668339506e+00
-2.142018094652154758e+00
-2.423793294486927152e+00
-3.783245225003277312e+00
-2.740512780463436826e+00
-2.774584704340815833e+00
-2.121840891631784132e+00
-2.468450111682324533e+00
-2.867685928124478423e+00
-2.293940461837209455e+00
-2.444911674007753888e+00
-2.167356333401782464e+00
-2.113464807991867644e+00
-2.201673575481173373e+00
-3.953671515221864219e+00
-4.525443784739760389e+00
-2.571275055431653911e+00
-2.890700186550535733e+00
-3.853501390124981718e+00
-3.250651829884857236e+00
-2.967304360010276199e+00
-3.194352210622414034e+00
-2.769931390885272293e+00
-2.159901379164779200e+00
-3.252429342445814164e+00
-2.124798597571373904e+00
-2.094201236176642666e+00
-2.852316398966818767e+00
-3.806593519405156556e+00
-3.277980899844189722e+00
-2.137347738998087721e+00
-3.706106632952443469e+00
-4.495171860798423680e+00
-3.500590556285026800e+00
-2.214051431430307915e+00
-2.522851246307549644e+00
-3.627882213215158025e+00
-2.608441384812790531e+00
-2.185108716566961817e+00
-5.836644606324091100e+00
-2.596313654145713912e+00
-2.175605690751993393e+00
-2.325244731068790927e+00
-3.350933313893431631e+00
-2.118806348768675463e+00
-2.181467459813729803e+00
-2.034139500299559700e+00
-2.470632607825200111e+00
-2.415114373426431982e+00
-3.276728218236035772e+00
-4.110498695024468851e+00
-2.390156065372723404e+00
-2.134626647600024185e+00
-2.756216101868639967e+00
-2.455252873328454655e+00
-4.606909949952995298e+00
-2.522631844598150153e+00
-2.966996423872219069e+00
-2.690205320876726702e+00
-2.797917442990033976e+00
-2.319090236970355434e+00
-3.149861250611708741e+00
-2.452882619500265093e+00
-2.758209455855217485e+00
-2.966675186603534797e+00
-2.545686177141297080e+00
-2.279642540524468686e+00
-3.077567175767635277e+00
-2.361472531484590576e+00
-2.026158897424840788e+00
-2.617988595319323153e+00
-4.912909032757379890e+00
-2.147468340324643066e+00
-3.810429333013347630e+00
-2.234676275554283720e+00
-2.084498313893432098e+00
-3.885156067701535321e+00
-2.180604467739584607e+00
-2.530027499912906208e+00
-2.827417852246503216e+00
-2.692305637306095178e+00
-3.307341535353700124e+00
-2.227018269530327998e+00
-2.273601311435372807e+00
-3.018741940194659357e+00
-2.965773411455604247e+00
-2.998741205110267316e+00
-2.313350901728480125e+00
-2.295165872000042739e+00
-3.073935310669481780e+00
-2.738947944998404438e+00
-3.884552809993737199e+00
-2.418070111511957165e+00
-2.398371955217086793e+00
-3.324258225457959348e+00
-2.344221804738516823e+00
-2.602785684337177941e+00
-1.904917864672029282e+00
-2.588306381418441049e+00
-2.003891088966460288e+00
-2.085945711059867591e+00
-2.165602682485795683e+00
-3.175725776611406204e+00
-4.078563329613787758e+00
-4.319094600221645486e+00
-2.004894193606252983e+00
-3.342572245186009816e+00
-2.115974828012223696e+00
-2.215765722077781774e+00
-3.121815681248062191e+00
-2.594161473245364391e+00
-4.096947011804688898e+00
-2.745497453810012090e+00
-2.769866798639471384e+00
-3.825528797656613911e+00
-1.835902720232891028e+00
-2.587136133349096312e+00
-3.305214179949024000e+00
-2.843872390022797347e+00
-2.842654263526609881e+00
-3.350352283496919270e+00
-2.928414023566441315e+00
-3.078780080352672144e+00
-2.101554553209671994e+00
-2.964957170409201481e+00
-3.285554081698717432e+00
-3.707218257522893801e+00
-3.615526553553997324e+00
-2.751867539951895480e+00
-3.259813107260054466e+00
-2.691110389578328821e+00
-3.131172238545740782e+00
-5.059660169025171683e+00
-3.675360955123763596e+00
-2.628768313984634730e+00
-2.885205174681457763e+00
-2.150125643309813483e+00
-3.004354246210086288e+00
-2.959525536253885036e+00
-3.944912324983731011e+00
-2.394034269530328274e+00
-3.132501567101218853e+00
-2.634351923376483384e+00
-4.247595679540864921e+00
-2.365284403396463730e+00
-2.388636612725596464e+00
-3.285546170253442533e+00
-4.774000374148202219e+00
-2.802015871747469689e+00
-3.765578967729484638e+00
-2.513542333266713058e+00
-2.347343378743063980e+00
-2.458668204502433952e+00
-1.901556799397596365e+00
-2.381797212715621725e+00
-2.547273873539278810e+00
-3.079819944998403614e+00
-2.751355742680173577e+00
-2.520749911878258587e+00
-3.606098742903109944e+00
-2.691573754216262770e+00
-3.389818838969297587e+00
-1.990004068346895139e+00
-2.758614943099779282e+00
-2.879646364419865989e+00
-1.799563238772625695e+00
-4.432208084675886894e+00
-2.681601167451626466e+00
-4.785895069422753778e+00
-2.421942547248740141e+00
-2.637281290497760722e+00
-2.733199772315810350e+00
-2.609064161214620370e+00
-2.465155880913096453e+00
-2.903285940513757879e+00
-3.930487866443922229e+00
-2.164759681414800241e+00
-3.046356504898199091e+00
-2.084300640293651696e+00
-2.067630797301054812e+00
-2.350773075483230556e+00
-3.410161592475393633e+00
-1.998847729363154357e+00
-2.327387774638181028e+00
-3.359930095430971875e+00
-2.174543324088730856e+00
-3.011743098304792809e+00
-1.860308494083758646e+00
-2.540491195541543235e+00
-2.895069826141712710e+00
-2.815498057092829853e+00
-2.257847865859604397e+00
-4.299541175286279326e+00
-4.169447898942369335e+00
-2.077178646794193284e+00
-3.086683174638272575e+00
-2.323268098107664770e+00
-3.278840419594969191e+00
-3.864822831431116157e+00
-2.688926863920366728e+00
-2.927723986797488465e+00
-2.335647390022796088e+00
-2.527102384019078940e+00
-2.964194349245632409e+00
-2.441464772973832353e+00
-4.300639569898072168e+00
-1.841034278468338670e+00
-2.876982513322138502e+00
-2.144843209420789876e+00
-3.452064697715104380e+00
-3.665601497739347181e+00
-2.856590299514495612e+00
-2.511194271519677557e+00
-2.118305580939752630e+00
-3.400439290653404001e+00
-1.994901236176643167e+00
-2.353931230172923605e+00
-2.343524442786005579e+00
-2.838411511863066394e+00
-2.838204794636629558e+00
-2.673980630154131788e+00
-2.718156154629657095e+00
-2.497357491802141283e+00
-3.727461999403693937e+00
-2.308817193130289880e+00
-2.753600894311603042e+00
-2.657819518831157524e+00
-2.934234631791904135e+00
-1.951214697715103696e+00
-2.602246242802353393e+00
-2.219121503743064494e+00
-3.536271418446863990e+00
-2.426998211107738612e+00
-4.702272123711749074e+00
-1.986902261003592685e+00
-1.925138387873523982e+00
-2.875975658875345786e+00
-2.563363922480615287e+00
-3.443741993399974888e+00
-2.291660205666142147e+00
-2.118445728308822495e+00
-3.072904383659220251e+00
-2.805358595845222069e+00
-3.449086114198872899e+00
-3.049226569266194176e+00
-4.035042204250022024e+00
-2.204415560149730169e+00
-2.314629307096002009e+00
-2.421833263232269218e+00
-4.052685302247913235e+00
-2.006979807991866593e+00
-4.068301826362039186e+00
-2.459113922480616665e+00
-3.727078847504857961e+00
-2.336693883209305156e+00
-2.570958820029000336e+00
-2.938927218893191196e+00
-2.498242595754234685e+00
-3.067511812721500419e+00
-3.270860076326771448e+00
-2.865123168653704866e+00
-2.801044698438788672e+00
-3.029812074662422638e+00
-2.518269994058544015e+00
-2.906806565223035932e+00
-2.501596614788308415e+00
-3.458435076326771274e+00
-2.820723109047797550e+00
-2.676842581952270095e+00
-3.501016993399974631e+00
-2.235103951002123779e+00
-3.920975212201058824e+00
-3.393705530460356279e+00
-2.185746790004003515e+00
-2.052562569876306142e+00
-2.863882363203691384e+00
-2.757385702693532892e+00
-2.110015384914945002e+00
-2.555351738279812324e+00
-3.330111117774436913e+00
-2.182241702048798970e+00
-4.495667584772427894e+00
-2.084094572072681117e+00
-2.951013192970290078e+00
-5.026829971707080347e+00
-3.146646632952442957e+00
-3.628420719719395393e+00
-2.429810205666141698e+00
-2.052870785010219024e+00
