3.623997961807070567e-01
-1.771651377452426290e+00
-9.342738006623146907e-01
-3.947686707897920533e-01
5.959746949680451156e-01
4.621405102551665034e-02
2.111350948208313927e+00
-3.006828164332994713e-02
-3.839788236376957542e-01
2.101426815161471229e+00
-1.771217447995471650e+00
-2.730885036458714499e+00
-4.065481996099987505e+00
-3.759819288966106843e+00
1.071790736199616179e+00
-1.142521263273940768e+00
1.767261958749805517e+00
-2.633109985499735295e+00
1.682153553668438217e+00
1.246722888616486058e+00
2.671287564117999835e+00
8.886318349946632500e-01
-3.146705792067090446e-01
-1.635381197535032749e+00
1.176016595246093921e+00
9.514800059275179134e-01
-1.700094359077858108e+00
4.997999642406781851e-01
-4.344981592497848544e-02
-3.165550432928198044e-01
1.365848789694786181e+00
9.815566080822734074e-01
-1.721832672265834363e+00
-4.808816989881035120e-01
-6.285872140048173184e-01
-8.456220485841420498e+00
-4.345161237864117787e+00
2.322165236321738657e+00
-2.184991037281856396e+00
9.536082219359586221e-01
5.743039170008390482e-01
3.517849424381322976e-01
-1.045053961061085168e+00
-3.841632524817316652e-01
-7.715966420695410388e-01
-6.326914334806111873e-01
8.984640362678835146e-01
-4.058967979935441228e+00
1.268341290374088715e+00
1.795451627990605481e-01
-1.696519343615552566e+00
-5.688781592125288222e-01
-1.966997469982667279e-01
-5.363160669852748974e+00
2.117820296609967123e-01
9.080891964532590288e-01
1.287535790493142152e+00
9.787640948698210774e-01
-1.773268288663555792e+00
7.204442667400171585e-01
-1.670175508488737082e+00
1.968190108632166702e+00
-3.348904798228481416e-01
2.343984115902315590e+00
-3.321478374891127405e+00
2.464151933940549100e+00
9.465460770691459524e-01
-4.642307133596511592e-01
9.577226798955830178e-01
-3.745847445937946052e+00
-4.749552289219687751e+00
7.568490422822156116e-01
-1.786170945863972959e+00
7.716722769992755415e-01
3.997296543360778776e-01
1.946962207507609011e-01
-8.213770962350527838e-02
-1.232702444919931972e+00
-2.034368066127137720e+00
1.517462016328461616e-01
3.660743423218166814e-01
-1.740708198820306807e+00
-9.483324422623734762e+00
-2.601685069301307163e-01
-3.172773784022171473e+00
-3.537808914926706683e-01
-6.620445229372211582e-01
-7.858246765240261000e-01
-1.562004165046801396e-02
2.375890805912568293e+00
-2.952936463064009809e-02
-4.787701720787764792e-01
-2.276405859361270601e+00
-4.121598313694886384e-01
4.902804771272809004e-02
-4.401580935494479263e+00
-6.631163239489857864e-01
-1.409794300237298958e-01
1.746920199141951180e+00
-1.929537253847251721e+00
6.386069032445100824e-01
-7.895619496465547948e-01
-6.106323307847597581e-01
3.406235635939834361e-01
1.476821578473092700e+00
3.424592520197706214e-01
1.630167472604461543e-01
1.933033148215677732e+00
6.347885333042009304e-01
1.364415722259317176e+00
-8.468219431817225473e-02
2.712871967320391153e+00
2.934988044800288520e-01
-4.166449243896115817e+00
-6.582842356020726093e-01
-7.270349756234125715e-01
-2.488229840886257094e+00
-2.868765744845708898e+00
5.822844940364606536e-01
2.515717282338041816e+00
-1.885343930930938550e+00
-4.013506075898847669e+00
6.415207241643334779e-01
-1.458164741315985724e+00
-4.504060306377178691e+00
-2.064089543367132240e+00
-2.621877112542224442e+00
2.469269512919187282e+00
1.827176356333851948e-01
9.886422906995139259e-01
5.853316691741531352e-01
1.465445078759333386e+00
2.194401693648925233e-01
-2.606511106758601315e+00
1.369813524384011272e+00
-1.071449278807616645e+00
1.696510422526745776e+00
-2.972678383143925629e+00
1.535368249356938053e+00
1.316450865141699789e-01
9.404971592150199733e-01
1.475094531880401405e+00
-2.284577238438318503e+00
-1.095688987121859137e+00
2.254796262505740057e+00
-7.297190062679209666e-02
2.384933458316640387e+00
1.025933326661029543e+00
-1.761431785214561785e+00
3.659467224926413742e-01
-7.257444078590589154e-01
1.195799634380792842e+00
-7.571125164377089378e-01
-1.165880820486051350e+00
1.823020274840505772e+00
2.090313879828617605e+00
-2.302431391741466271e+00
1.494446113159059619e+00
2.250281415260682039e+00
-1.821870241009686253e-01
1.900588352940712600e+00
-1.352533732649076892e-01
1.075125660208013256e+00
1.376000521044711267e+00
1.957545433053160977e+00
-2.217683177356196911e+00
1.685839580971767004e+00
-1.435550384113540023e-01
2.215444412319550693e+00
9.911882571518839669e-01
3.126351973983883870e+00
-1.656089520791539815e+00
-1.454040754668146196e+00
-1.349743365743105050e+00
9.051761450563091671e-01
8.176581256789351437e-01
7.202813079926563278e-01
7.770685720367208615e-01
1.162161121899967231e+00
-1.416328625716338330e+00
-1.257074833774930900e+00
-1.733725915131010931e+00
2.833806077795884004e-01
-1.867224497311321008e+00
1.077773203939776714e+00
-1.233513763538337249e-01
-4.387127198817453611e+00
-4.877627398626639632e+00
2.429094048836716979e+00
-1.236236461121353603e-01
-1.129783434210279713e+00
-1.083117622607728814e+00
-2.593146560146906143e+00
-1.741820769468810648e-01
-2.010767283394666316e-01
6.544482892217516889e-01
-4.558974694374446912e+00
-1.986369563630211721e-01
1.716367797859758904e+00
1.016307078158742661e+00
1.515119833605992616e-01
2.311084348617278850e-02
5.169164137941457959e-02
4.581895763154887335e-01
-1.566188149801323037e+00
-2.488025045814141301e+00
-4.709195251199366217e-01
8.881190589040853789e-01
1.539670723993336321e-01
-1.459940440531229067e+00
9.761137520430392955e-01
-2.461647411021385068e+00
2.658835223345719090e-01
-1.328757541649461471e+00
2.250026613845662826e+00
1.127181205383224416e+00
-5.930132256661930779e-01
-2.286739566019974912e-01
-3.432742143491424702e+00
-4.695637390572864334e-01
-4.050935760662301988e+00
9.803214242235821496e-01
-1.068635937838778105e+01
4.124523817625498356e-01
9.025107470343947114e-01
6.931134627144440730e-01
-1.735695597918171518e-02
2.699536893855660202e-01
2.300657992912739758e+00
-1.509063326151703022e+00
2.310616450706663105e+00
3.527317018555506944e-01
1.349154836249972345e+00
5.934211552538887213e-01
6.350834959147552139e-01
2.287044900850398133e+00
1.558538351622250906e-01
-2.330694433878668093e-01
3.196283851978797275e-01
4.981868254184353972e-01
-5.544415795337337416e-01
9.338995260732766424e-01
-2.639173134279598987e+00
-2.118674101071298832e+00
1.908770438438678330e+00
1.686408376020906763e+00
-1.516086673040249799e+00
-1.077874730193805641e+00
-3.826217590022066073e+00
-4.379722067932708462e+00
1.264968473013400763e+00
1.770463282040643183e+00
1.787494271125011691e+00
1.338438628713405132e+00
1.114098529479650601e+00
-7.279060300467975475e-01
-4.488028581168394204e+00
2.175171319881152865e+00
2.008458558427354212e+00
1.187288571290501915e+00
3.890583702621162043e-01
2.144381583545794889e+00
-1.257802084988046465e+00
1.321048977334394303e+00
-2.203568124672513895e-01
1.223122564209732088e+00
2.521397050980020982e-01
5.423783495503182728e-01
-9.462481915768320428e-01
5.542784023106430702e-01
1.969779021417372933e+00
5.214424399650134934e-01
2.060796421736140083e+00
2.886552929979611104e+00
1.532790103662793779e+00
7.913530959872752124e-01
5.978017911546288365e-01
-8.891535747089332475e-02
-2.100158018732121601e+00
-5.040750662339293919e-01
2.029815504277108662e+00
4.402315408269351638e-01
-3.256439809741881741e-02
4.843382290346485153e-01
1.878361236174797666e+00
-3.317201091535592283e+00
1.149385655475025247e+00
1.485603439285083427e+00
-6.325980371288450477e-02
1.447557335688764546e+00
1.929700084549855310e+00
2.058545044435098781e+00
-2.538661792546216045e+00
1.541247878700791274e+00
2.382382223623632278e+00
7.570956357728780839e-03
1.603719467497931372e+00
1.090216651521026314e+00
1.062713339296117443e+00
2.193576474960737155e+00
5.763699391383213522e-01
1.060807387569205451e+00
-2.160402415301831969e+00
1.489034847527534566e+00
2.893221252514398767e+00
7.964706583337773926e-01
8.544482070639692894e-01
1.612601804702602282e+00
1.126995197932382897e+00
2.569425476010072984e+00
-1.982582633862292942e+00
1.784562835063455422e-01
1.009807046456932200e+00
-1.271201792958240651e+00
-5.664030405637302534e-01
2.293000117014095007e+00
-4.669561809245234563e-02
1.547118117399644666e+00
-1.275832835523050379e+00
2.359428227638874276e+00
1.674033300708069882e+00
7.412697176064889648e-01
1.893237043616912363e+00
2.035566799990507381e+00
-2.017666302526592403e+00
2.543810015736424734e+00
-1.432706183577476144e+00
1.831337263807696347e+00
-3.881978189867625773e+00
1.588361013967310775e+00
2.433986262383085908e+00
3.483492233630442581e+00
6.683286881590360107e-01
1.525934355941007903e+00
1.063679508744169944e+00
2.025076634592120950e+00
1.368040384750185134e-01
1.379527871445716647e+00
-1.357559644597011506e+00
-3.745424837413466879e+00
2.106774863761394112e+00
2.620180681617049201e-01
1.404961900377799999e+00
2.446317939978760236e+00
-6.690202931374236162e-01
1.644268523219927003e+00
4.688619747765219170e-01
-3.272713632096733605e+00
-1.241422328609588899e+00
1.013991230760447948e+00
-4.103272349120214102e+00
3.381557254031595239e-01
2.302006874233195610e+00
5.685318488746814447e-01
-3.932922418695821154e-01
1.666489621526865639e+00
1.743735234471405660e+00
-1.269860371591224535e+01
-3.702532286460137323e-01
-1.121123901147698332e+00
2.015101884788065512e+00
5.034312748168461304e-01
-4.623271332049555538e-01
-3.743013527354186909e+00
-5.282419279626172859e+00
8.133649892268288717e-01
1.034704248538665050e+00
-4.500684212029438136e+00
-3.516789841545084006e+00
-2.643775621369474305e+00
1.647043448735064475e+00
-2.137472020196141020e+00
2.154226629980911856e+00
9.292573900182090618e-01
-1.609177616323957283e+00
-1.750726911542168862e+00
2.497490047326630602e+00
2.296539608011253453e+00
-2.906762530167530834e+00
-2.842806957036115634e+00
2.708511284158632293e+00
-4.518435718196451845e+00
1.032444119806799732e+00
9.225278190215199237e-01
-1.440150326727168695e+00
-1.786300773892174787e+00
1.588166638632867722e-01
-2.372033931287582664e+00
1.684228672902307933e+00
8.265683561690574388e-01
6.092882211056824815e-01
1.536398406523082238e+00
-1.351676708300064922e+00
-2.282716189490221037e+00
7.220791473639120994e-01
-3.594062845826527131e+00
-1.572276816012512235e+00
-1.064872066552734697e+00
-1.089600720864193795e+00
2.088430768230148171e+00
-4.955581053180238005e-01
-6.326672857681239215e+00
9.357430463812146382e-01
-1.907432114062025841e+00
-8.256124806443759789e-01
-1.020986075717668129e+01
-6.558615333951204329e-01
-1.118055984766265665e+00
1.034859076054384319e+00
-1.962373285585653937e+00
1.245304348865813870e-02
-5.197980219302505311e+00
1.357801147166912914e+00
-3.635641488895530404e+00
-4.239379560127930491e-01
1.590904497024068220e+00
6.128508177870737317e-01
1.268536190046290368e+00
-2.138658514636518237e+00
-2.546090413930773177e+00
-8.701503338558757017e-01
-3.090221469713208879e+00
1.010147842718200684e+00
1.552276249794962704e+00
-3.821453197340794805e+00
-1.230363492105621459e+00
2.278879555606762697e+00
-1.111713084431256382e+00
2.798499094025376888e+00
1.927217324791235198e+00
-1.121318434522032836e+00
-6.799964547894117750e+00
-2.508298834432997726e+00
-2.116892008927303337e+00
-7.162202374325969956e-01
-1.624710290402917368e+00
-1.423615931623988695e+00
-2.996916783591006439e+00
-2.259187712951556737e+00
4.970584324266992260e-01
-7.021450702542097133e+00
1.925773968289673788e-01
8.522243731316843096e-01
-4.396773499608062963e+00
-1.367431027822872291e+00
-5.705519623320721712e-01
-2.387489534527170443e-01
4.499600978625983849e-01
-3.557135932402842204e+00
-1.979531762960570207e+00
-2.158165441493132608e+00
1.954368995755007665e+00
-3.019440224682345075e+00
-2.865030453694356716e+00
-2.039630248912150279e+00
-4.102716284572095695e+00
1.439915947908334770e+00
1.187641909370141580e+00
1.990446302214470498e+00
-4.865385620042159687e+00
-6.263414822392509018e-01
-2.703113900897147204e+00
1.510428591446916213e+00
-3.088988216416265420e+00
-1.275657511818780454e-01
-1.988107541864348571e+00
-5.828720724793655661e-01
5.784241597650747746e-01
-9.580081344572283220e-01
1.264023899605320134e+00
9.401140288976194137e-01
1.654636207362891520e+00
-3.756096229677515108e+00
1.174257362870794408e+00
-8.216697439731354136e-01
2.075512102358010313e+00
1.911632077991607837e+00
-1.579507897537080485e-01
-1.275412836910261527e+00
-1.125602176129524290e+00
-4.782029288360043040e+00
-1.841002336088820135e+00
-9.222407521691661225e-01
7.918241281237307083e-01
-1.001406062449028855e+00
-3.245531299463484398e+00
-5.637063878707411213e+00
1.616691127526179939e+00
2.180270127940287406e+00
-1.706447785124146188e+00
-2.710677348860158098e+00
1.117781587413119393e+00
8.416574480487755139e-01
-2.562754487653188473e+00
1.064627431404631119e+00
9.092385200546903024e-01
-1.108144204322818183e-01
-7.146718799109434528e+00
-3.092784372261624393e-01
1.428534209705289548e+00
1.687101077337477939e+00
-2.095156570193657808e-01
-4.364701521529831929e+00
3.219030843528066121e+00
1.357726950935256971e+00
1.677256188654291380e+00
2.160714107246516580e+00
6.733731349314345804e-01
1.140070829194958640e-01
2.430651917704322873e+00
1.744194618581256906e+00
9.197780971106600534e-01
-3.688927792732127564e+00
1.137539937593192274e+00
2.119441710659661915e+00
4.769352656830428971e-01
-2.840557446776167394e-01
-2.543408963671933698e-02
-9.750541532145476920e-01
2.101831310270275421e-01
1.746340414731501367e+00
-4.330684811732341544e-01
2.539867285984087175e+00
-1.415749925641611950e+00
2.197513216066105279e+00
1.549679100243007257e+00
1.829949818155544916e+00
3.891506066205949188e-02
-2.878964841864191104e+00
1.130033772105604628e+00
1.681451666540403123e+00
1.961102181695186131e+00
6.181471946610374024e-01
1.305454347657261926e-01
1.678230966471145225e+00
1.662259307605623126e+00
1.036640737027060055e+00
2.303201626616216302e+00
-6.604776814368470972e-02
1.398770347983207873e+00
1.601068323505832947e+00
2.481759700989092821e+00
8.089500848188204696e-01
-6.721355231114187312e+00
-3.892709478628493702e+00
2.976447069911204446e-01
1.345564239013674834e+00
2.036150070943504975e+00
1.403682749883186309e+00
4.862558383475162893e-01
1.560393637866657635e+00
-2.954095686333912507e+00
1.177229272952926564e+00
2.181828822549829905e+00
1.467331759052609597e+00
1.427170067359419869e+00
2.448211442492174150e+00
1.315116367125684915e+00
-2.198417567636274494e+00
7.897783381334794184e-01
3.877052768477352584e-01
2.905529559422505015e-01
-1.843581325586085284e-01
1.193339632520741933e+00
9.806985643002269493e-01
-3.259199872557810629e+00
2.308050835869761563e+00
-4.574485157298529892e+00
-2.409273402584678703e+00
2.837443508665321357e+00
2.492826041680906990e-01
-2.829889995408949588e+00
1.065477387372495421e+00
-1.647302458184494611e+00
7.303641703404054608e-01
1.792246992413095041e+00
8.036787287917117606e-01
2.211336199210026443e+00
-4.527416259690536515e-01
2.153828982316877472e+00
-6.783395482528741249e-01
1.801639482032065809e+00
2.653120508905495445e+00
3.338525641252166887e-01
-1.157374255235869454e+00
1.168201263030433701e+00
8.841231495893681069e-01
-4.662898434701227002e-01
2.309924421401962302e+00
7.834992366625244120e-01
1.671290859190168288e+00
1.459004361722902710e+00
-2.801247528283464572e+00
2.961270062163642081e+00
-7.707512019590332386e-01
1.099329972610833428e+00
4.661211912559674042e-01
1.520530966154200803e+00
2.275495628948116522e-01
-2.894520875316285657e+00
1.105174912246649210e+00
2.022889431107206537e-01
7.465386436067078524e-02
2.046758222547209183e+00
-2.343866923695248905e-01
-1.862518152098980417e+00
-1.243060115494447337e-01
-7.905222085672846122e-01
-1.277789139262738738e+00
-3.548857557390489692e+00
1.148389008597685113e+00
2.086150228729402478e+00
-1.313169789845308300e+00
-1.891644694948147576e+00
1.351346112555980916e+00
1.039615132478359349e+00
1.627838573475105521e+00
-1.795710902534204179e+00
1.354621459513919879e+00
-1.923765797313806702e+00
-7.042480816625894535e-01
-1.593742898959405130e+00
-1.131200552219902455e+00
1.300678946109628642e+00
2.121134164892890528e+00
1.843403680894639463e+00
5.435471723065128380e-01
-2.353136106540804295e+00
6.777114086910597246e-01
2.264369593880871001e+00
-6.225479393741848888e+00
1.478339627701276804e+00
1.090984791780993612e+00
1.369629053364180171e+00
3.221193685897174586e-01
1.643444999747670221e-01
2.277371553250793657e+00
-1.006818336639487610e+00
9.911563120834661067e-01
1.296186194360789135e-01
1.829708821745340108e+00
4.975943309752391963e-01
8.085634774394935276e-01
-2.276211039190437102e+00
2.477554062813219993e+00
-2.274204510951990110e-01
1.172004148294639725e+00
2.280748513441324399e-01
-6.814302319865253033e+00
-2.100030264219175713e+00
-6.488971950432517177e-01
1.330442971092506310e+00
6.942141005274566901e-01
1.911647201440796584e+00
2.686641792428802189e-01
6.866524640241266075e-01
5.284232512361101142e-01
-3.198688387020198309e+00
-1.095594059341339577e+00
-3.032024208158544898e+00
-1.773139589578291986e+00
1.703977853307051316e+00
-1.412969134944117799e+00
8.936159372698163628e-01
1.826372536306797745e+00
-5.313731121609647223e-01
2.533553523247632722e+00
-7.318660322285255315e-01
6.323073079932552965e-01
1.890329466817246118e+00
1.659772699362988879e+00
-8.071071482096360938e+00
5.633935795861655382e-01
7.688981971180590680e-01
7.057138065426480367e-01
2.303023923255887340e+00
6.254657957366094312e-01
-2.472942104553549070e-01
-1.990756518262564445e-01
9.974645727340648582e-01
-2.726949470332928005e+00
-1.323254210334039671e+00
1.158142942603850090e+00
5.878094226790137045e-01
-5.838260295090579310e-01
8.481930579640815093e-01
-9.596161478514361187e-01
-1.310805543120819650e+00
1.096911672644906854e+00
6.193687517699496548e-01
1.833782568929567480e+00
-9.789580583362978983e-01
1.029011826022503850e+00
-4.667858869751345452e+00
-2.115117134784768371e+00
-2.367549107795165142e+00
-2.210209880000021110e-01
-5.280275311077661238e-01
-3.539604193929483111e-01
1.134592211502902126e+00
1.117603344509578767e+00
1.144439893101215633e+00
-1.993039996223016752e+00
1.567494655259052516e+00
-9.980286120923324011e-01
1.692078389091245194e+00
7.193184997278678772e-01
2.681953508476060843e+00
2.868677612657657972e-01
-1.502670720214765165e-01
1.689242842720939608e+00
5.360963679551186134e-01
6.011867479341251874e-01
5.162147047181457893e-01
-1.472363129235338963e+00
-1.009972415863264583e+00
1.254026666514804544e+00
2.442714899194724509e+00
1.644648540379674673e+00
1.155457294658273071e+00
-3.929290424429004780e+00
6.809845595329114265e-02
2.085083701956685687e+00
3.296795200749210064e+00
1.513802108997353013e+00
-8.381552268226288405e+00
-2.978720789822546511e+00
1.190618748769087132e+00
6.227422627842482683e-01
-2.708633451516762936e+00
5.771083006387260905e-01
-1.464479204479840757e-01
-8.307657420204077603e-01
4.659108801070831474e-01
2.002043220477432328e+00
-5.520470714706641857e+00
1.851477573531103760e+00
2.313872291609200271e+00
-6.897052644636205709e-01
-1.137254330809932990e+00
1.896434136469307696e-02
2.851690861445125957e+00
2.862449342452804135e-01
-3.844988007204393821e+00
9.464371990033109139e-01
1.585319328832621055e+00
1.970535430459620541e+00
6.528437606808882299e-01
3.362652793182394628e-01
2.071108069619461922e+00
-1.479030354439186823e+01
1.004066676876660680e-01
1.688949495649461063e+00
8.603776923719755887e-01
3.534641670596073704e-01
1.354039687722487395e+00
1.839930148531813803e+00
1.964908130020222909e+00
2.482152015520846522e+00
2.673686165998589548e+00
-1.160712174693899534e+00
-4.116637295865988033e-01
-3.273026683288183802e-01
6.844451865979312988e-01
9.313849294611437069e-01
6.689389921806797590e-01
-2.263271442195232463e+00
1.101835238746160517e+00
4.589839941137764390e-01
1.317890177928477291e+00
2.983082109250994041e-01
1.418672438617520459e+00
-2.104765229811355720e+00
2.151907930305798633e+00
1.128990060095143244e+00
9.616020108020795210e-01
1.603105372079065782e+00
1.262274700624876012e+00
-4.182787704702239928e-01
9.393239939085118451e-01
3.055753019975482765e+00
2.232284098416640994e+00
-8.829429333641455324e-01
2.113701900243667886e+00
-1.812838164420824461e+00
2.166205761746009095e+00
1.807216969873816081e+00
-5.097809006155887834e-01
5.338895059082773842e-02
-4.603247329141036959e-01
-6.641735417249506890e-01
1.152813972030304113e+00
2.397170868127153909e-01
2.444472939895006025e+00
1.216589068128336004e+00
1.254718851088011844e+00
8.910873289893410654e-01
-1.205256660224351295e+00
1.706398283991705567e+00
1.306849179971691921e+00
1.262869367646369589e+00
4.313231583325256580e-01
-2.021137204122386510e+00
2.397949351077000024e+00
1.616328157016202915e+00
1.736252940588006721e-02
4.819179044042751769e-01
1.242309061099111878e+00
1.436203134543623250e+00
1.513884500014787582e+00
2.680677804967916078e+00
2.730585730498142905e+00
1.779895031884654477e+00
-2.697860803730518509e-01
-1.774513545245054891e+00
3.762417181932643517e-01
2.036887556490178053e+00
-6.094090349847681720e-01
2.966092087070000716e+00
7.931100245985116537e-01
9.042273375853004946e-01
1.491162854318246689e+00
-1.577641763714748180e+00
1.837422090870170832e+00
-4.099688175120064670e+00
-5.741103754244888391e-01
2.935624693101021698e+00
1.078047713181015110e+00
2.110201330502789185e-01
-2.624503731598437639e-01
1.544979393986158689e+00
4.658868820801468358e-01
9.146462399162972323e-01
3.895032406186383356e-01
2.010172651884465811e+00
5.980624755870662668e-01
1.224275321423333063e+00
2.741843369705928568e-01
-1.515666759864063851e+00
-4.702120135099271958e-02
9.365692377325730567e-01
1.506113363657250792e+00
-5.367071748443643653e-01
-1.907554945916946521e+00
-4.856164763322902145e-01
9.456856057208015143e-01
1.991465271259565295e+00
2.081814999022523871e+00
9.830167846473785165e-01
7.296987097609094475e-01
-5.500995534102613993e-01
2.714669125633217828e+00
7.153288938908175520e-01
2.107082558054871768e+00
-9.351905515486628184e-01
2.005248700091625924e+00
5.980728261805566826e-01
5.772120650238112827e-01
-3.840125147743101319e+00
8.359268097463915526e-01
-1.725137385576489990e+00
7.874877597839619048e-01
9.551308629860451038e-01
1.105095906766682123e+00
1.423969291348053723e+00
6.519369495547475690e-01
2.235649699414561820e+00
1.137142144561365531e-01
5.263753925125094213e-01
1.340438320039421427e+00
-8.299240401362405484e-01
2.015410132923533215e+00
-9.747280199114648491e-01
2.030832488993873586e+00
-1.547254702938973603e+00
-3.220227622298691417e-01
2.270495207839110741e+00
-1.612688355965844200e-01
1.047650967109710951e+00
-2.637249366142168316e+00
1.607485836244357147e+00
9.434896094319963344e-01
3.970171128433888086e-01
1.634019900143725890e+00
6.282639607018016825e-01
1.490919464455394694e-01
-1.280867510408275178e+00
2.769671014295989497e+00
1.227303453220448315e+00
1.367382335815474192e+00
1.769955786028451827e+00
1.819673698732319655e+00
-9.795540248293744812e-01
1.913009480318989208e+00
1.856881153619327263e+00
8.528539504751032618e-01
2.503401295702324170e+00
1.424101027993740498e-01
1.745001605927612998e+00
7.052992379980259630e-01
-1.224510266181138451e+00
1.041036272762686288e+00
1.937182681342872526e+00
-2.304808214047520565e+00
-9.431979229927006658e-01
2.063078034937671390e+00
6.305203970133116398e-02
2.569413628464484844e+00
-2.161761273362962921e-01
-2.836814455797615597e+00
1.081046632833815080e+00
7.269952976657648169e-02
2.379052771134464894e+00
1.479223820074834883e+00
8.883062586415317874e-01
-1.498774389209100333e+00
-6.463080901022447700e-01
1.710948818139779615e+00
2.678157200513796576e-01
1.742944060306767629e+00
-1.346281015543940862e+00
-4.850416577869411938e-01
8.671189177772269385e-01
2.229815491231054381e+00
2.439619717980885394e+00
-4.730337939437715411e-01
1.460868385544264791e+00
2.370415352514623208e+00
1.454240119229395001e+00
9.461115327632040328e-01
1.530831966644536246e+00
1.136708319616107188e+00
5.464925086298768608e-01
7.496458405319847973e-01
-9.846346993904103728e-01
1.412298039843671305e+00
-6.336068766736148161e-01
3.419130157270932058e-01
2.606320742776054855e-01
2.656363040373260986e+00
-2.960939539817751820e-01
2.262874075517320893e+00
-4.400117673469668977e-01
1.379897574319981057e+00
-2.845154814190288928e+00
2.085556777326376565e+00
1.067963543152720129e+00
-6.679314912443529151e-02
-4.614125875382164566e-01
2.225221009251166226e-01
3.362167801478763707e-01
1.177425373887166060e+00
3.794583666279177647e-01
6.684847675808182066e-01
-8.943201654102116427e-01
1.087866648741155906e+00
-2.138275978173718173e+00
1.596942172038828378e+00
2.194010908328731357e+00
1.321426773525715470e+00
-1.610710461420301831e+00
2.330364407021692230e+00
-1.952902087488835425e+00
1.160143677047728250e+00
-2.467547127047360789e+00
1.287400721297656814e+00
1.565524077983800444e+00
-6.018034075306939457e-01
9.460410933497952479e-01
-5.349249281200694206e-01
6.465892126995818057e-01
5.864338623862791477e-02
9.652531007892937165e-01
-8.070413341344787050e-02
7.280179108106206165e-01
-4.731962745164356443e-01
1.431089511015209093e+00
-1.513903424338870207e-01
1.713590716865031727e+00
1.204762179948278389e+00
-1.923187575129978455e-01
-3.633485100711796534e+00
-2.911875802770837129e+00
-4.299200009183439253e-01
1.566166332240824355e+00
1.095582224172271246e+00
9.176112562177530796e-01
7.985656274502516139e-01
-3.582819909913673495e+00
1.489321043170785952e+00
9.389109061593640115e-01
2.101858199041799491e+00
-2.160167014853160428e+00
3.020966186236766049e+00
-8.753199627682292649e-02
-2.598384058596540758e+00
1.974481423047556583e-01
-1.264939205907239739e+00
1.596617665949538134e+00
2.319644895485834635e+00
